MSE: 0.0015597966278027378
R²: 0.694136932516703
Coefficients: [ 0.00296575 0.28781381 -0.0038285 -0.00914904]
Intercept: 0.04923535283861602