MSE: 0.00021717854580546644
R²: 0.8741180279698187
Coefficients: [ 0.00091027 0.66516669 -0.00122833 -0.00331209]
Intercept: 0.012108080805108348